# File generated by CMD 2.7 (http://stev.oapd.inaf.it/cmd) on Mon Dec 21 20:17:37 CET 2015
# PARSEC isochrones, release v1.2S
# Basic references: Bressan et al. (2012), MNRAS, 427, 127 + Chen et al. (2014), MNRAS, 444, 2525 + Tang et al. (2014), MNRAS, 445, 4287 + Chen et al. (2015), MNRAS accepted
# Warning: the TP-AGB phase is not included! TP-AGB tracks are in preparation by Marigo et al.
# Photometric system: Kepler + SDSS <i>griz</i> + DDO51 (in ABmags)
# Using NBC version of bolometric corrections as in Chen et al. (2014), MNRAS, 444, 2525
# BCs of Carbon stars derive from Aringer et al. (2009, A&A 503, 913)
# O-rich circumstellar dust ignored
# C-rich circumstellar dust ignored
# IMF: Chabrier (2001) lognormal 
# On RGB, assumed Reimers mass loss with efficiency eta=0.2
# Kind of output: isochrone tables
#	Isochrone  Z = 0.01900	Y = 0.28242	[M/H] = 0.119	eta_R = 0.200	Age = 	5.0000e+08 yr
#      Z	log(age/yr)	M_ini   	M_act	logL/Lo	logTe	logG	mbol    Kepler  g       r       i       z       DDO51_finf	int_IMF	stage
	0.019000	8.6990	0.09000000	0.0900	-3.2757	3.3674	5.0894	12.959	16.321	20.419	18.554	15.475	13.399	20.359	1.46765435	0
	0.019000	8.6990	0.09575605	0.0958	-3.2137	3.3774	5.0946	12.804	15.981	19.906	18.076	15.128	13.170	19.821	1.52803862	0
	0.019000	8.6990	0.09761142	0.0976	-3.1915	3.3808	5.0941	12.749	15.864	19.729	17.913	15.009	13.090	19.635	1.54677296	0
	0.019000	8.6990	0.10000000	0.1000	-3.1632	3.3851	5.0935	12.678	15.714	19.503	17.703	14.855	12.987	19.397	1.57040203	0
	0.019000	8.6990	0.10985887	0.1099	-3.0677	3.3990	5.0944	12.439	15.221	18.767	17.019	14.352	12.647	18.623	1.66212535	0
	0.019000	8.6990	0.12000000	0.1200	-2.9658	3.4130	5.0870	12.185	14.709	18.003	16.312	13.829	12.289	17.818	1.74782515	0
	0.019000	8.6990	0.12741180	0.1274	-2.8997	3.4210	5.0789	12.019	14.397	17.545	15.888	13.510	12.066	17.336	1.80575073	0
	0.019000	8.6990	0.14000000	0.1400	-2.7923	3.4338	5.0635	11.751	13.901	16.825	15.224	13.007	11.707	16.583	1.89584959	0
	0.019000	8.6990	0.14323215	0.1432	-2.7712	3.4361	5.0615	11.698	13.812	16.699	15.109	12.918	11.639	16.455	1.91746509	0
	0.019000	8.6990	0.16000000	0.1600	-2.6673	3.4476	5.0517	11.438	13.372	16.082	14.537	12.478	11.308	15.825	2.02115250	0
	0.019000	8.6990	0.20000000	0.2000	-2.4575	3.4662	5.0133	10.914	12.574	15.011	13.514	11.696	10.687	14.732	2.22178221	0
	0.019000	8.6990	0.23397538	0.2340	-2.3214	3.4778	4.9917	10.573	12.083	14.369	12.899	11.221	10.298	14.084	2.35444808	0
	0.019000	8.6990	0.25000000	0.2500	-2.2618	3.4826	4.9803	10.425	11.873	14.101	12.636	11.019	10.131	13.810	2.40809011	0
	0.019000	8.6990	0.28945491	0.2895	-2.1354	3.4924	4.9566	10.109	11.441	13.557	12.101	10.606	9.783	13.260	2.52112937	0
	0.019000	8.6990	0.30000001	0.3000	-2.1029	3.4948	4.9491	10.027	11.335	13.427	11.977	10.505	9.695	13.130	2.54750419	0
	0.019000	8.6990	0.30608046	0.3061	-2.0857	3.4962	4.9463	9.984	11.278	13.354	11.907	10.450	9.648	13.057	2.56208992	0
	0.019000	8.6990	0.34999999	0.3500	-1.9577	3.5056	4.9141	9.664	10.866	12.847	11.426	10.057	9.305	12.554	2.65552020	0
	0.019000	8.6990	0.40000001	0.4000	-1.8086	3.5173	4.8698	9.292	10.387	12.259	10.865	9.602	8.909	11.970	2.74133730	0
	0.019000	8.6990	0.44999999	0.4500	-1.6591	3.5291	4.8186	8.918	9.920	11.696	10.331	9.159	8.519	11.417	2.81098008	0
	0.019000	8.6990	0.50000000	0.5000	-1.5079	3.5425	4.7669	8.540	9.446	11.125	9.790	8.712	8.127	10.869	2.86847806	0
	0.019000	8.6990	0.55000001	0.5500	-1.3515	3.5601	4.7224	8.149	8.929	10.499	9.181	8.236	7.724	10.276	2.91663504	0
	0.019000	8.6990	0.60000002	0.6000	-1.1924	3.5825	4.6906	7.751	8.373	9.823	8.510	7.740	7.325	9.650	2.95739889	0
	0.019000	8.6990	0.64999998	0.6500	-1.0354	3.6078	4.6696	7.359	7.826	9.145	7.867	7.261	6.941	9.042	2.99236870	0
	0.019000	8.6990	0.69999999	0.7000	-0.8844	3.6345	4.6575	6.981	7.298	8.460	7.262	6.811	6.579	8.425	3.02253795	0
	0.019000	8.6990	0.71061295	0.7106	-0.8519	3.6408	4.6567	6.900	7.183	8.304	7.131	6.715	6.503	8.277	3.02841163	1
	0.019000	8.6990	0.75000000	0.7500	-0.7361	3.6650	4.6611	6.610	6.771	7.723	6.685	6.376	6.224	7.676	3.04879928	1
	0.019000	8.6990	0.80000001	0.8000	-0.6079	3.6844	4.6384	6.290	6.375	7.194	6.283	6.030	5.913	7.100	3.07187057	1
	0.019000	8.6990	0.88421923	0.8842	-0.4050	3.7147	4.6003	5.783	5.784	6.429	5.696	5.506	5.436	6.278	3.10479379	1
	0.019000	8.6990	0.93421930	0.9342	-0.2913	3.7308	4.5751	5.498	5.470	6.038	5.385	5.223	5.174	5.868	3.12146688	1
	0.019000	8.6990	0.94072199	0.9407	-0.2765	3.7328	4.5713	5.461	5.430	5.989	5.346	5.187	5.140	5.818	3.12350202	1
	0.019000	8.6990	0.98421925	0.9842	-0.1806	3.7458	4.5468	5.221	5.173	5.673	5.092	4.955	4.924	5.500	3.13640642	1
	0.019000	8.6990	1.03421926	1.0342	-0.0762	3.7592	4.5174	4.960	4.899	5.346	4.822	4.705	4.691	5.174	3.14985085	1
	0.019000	8.6990	1.11843848	1.1184	0.0910	3.7788	4.4627	4.542	4.472	4.839	4.402	4.316	4.325	4.679	3.16958284	1
	0.019000	8.6990	1.15550482	1.1555	0.1637	3.7866	4.4356	4.361	4.297	4.624	4.231	4.160	4.176	4.469	3.17728639	1
	0.019000	8.6990	1.16843855	1.1684	0.1869	3.7893	4.4278	4.303	4.241	4.555	4.178	4.111	4.129	4.401	3.17985058	1
	0.019000	8.6990	1.17387271	1.1738	0.1980	3.7904	4.4234	4.275	4.215	4.523	4.152	4.087	4.106	4.370	3.18090963	1
	0.019000	8.6990	1.19887948	1.1988	0.2433	3.7955	4.4074	4.162	4.105	4.391	4.044	3.988	4.013	4.241	3.18564987	1
	0.019000	8.6990	1.21843851	1.2184	0.2772	3.7993	4.3958	4.077	4.023	4.292	3.964	3.914	3.943	4.145	3.18921113	1
	0.019000	8.6990	1.26843858	1.2684	0.3641	3.8086	4.3637	3.860	3.808	4.043	3.752	3.716	3.756	3.908	3.19777656	1
	0.019000	8.6990	1.35265779	1.3526	0.4979	3.8235	4.3172	3.525	3.478	3.663	3.427	3.415	3.471	3.545	3.21061015	1
	0.019000	8.6990	1.40265787	1.4026	0.5736	3.8324	4.2928	3.336	3.292	3.448	3.245	3.247	3.312	3.340	3.21740675	1
	0.019000	8.6990	1.45265782	1.4526	0.6458	3.8416	4.2729	3.155	3.117	3.244	3.072	3.090	3.165	3.145	3.22367454	1
	0.019000	8.6990	1.50265777	1.5026	0.7152	3.8518	4.2589	2.982	2.949	3.044	2.909	2.943	3.030	2.956	3.22947097	1
	0.019000	8.6990	1.55188906	1.5518	0.7790	3.8629	4.2533	2.822	2.798	2.859	2.761	2.815	2.912	2.781	3.23476601	1
	0.019000	8.6990	1.58687711	1.5868	0.8232	3.8703	4.2486	2.712	2.693	2.733	2.659	2.726	2.831	2.662	3.23830318	1
	0.019000	8.6990	1.61976743	1.6197	0.8655	3.8772	4.2429	2.606	2.594	2.613	2.563	2.642	2.754	2.548	3.24146628	1
	0.019000	8.6990	1.65265787	1.6526	0.9067	3.8842	4.2384	2.503	2.498	2.496	2.470	2.561	2.680	2.438	3.24448037	1
	0.019000	8.6990	1.68554831	1.6855	0.9467	3.8909	4.2336	2.403	2.405	2.384	2.379	2.483	2.608	2.332	3.24735498	1
	0.019000	8.6990	1.70129848	1.7013	0.9650	3.8938	4.2311	2.358	2.363	2.333	2.339	2.448	2.575	2.285	3.24868464	1
	0.019000	8.6990	1.73554814	1.7355	1.0043	3.8999	4.2246	2.259	2.272	2.225	2.252	2.371	2.503	2.183	3.25147748	1
	0.019000	8.6990	1.76843846	1.7684	1.0418	3.9054	4.2173	2.166	2.187	2.123	2.170	2.299	2.435	2.087	3.25403857	1
	0.019000	8.6990	1.80132890	1.8013	1.0785	3.9106	4.2094	2.074	2.104	2.025	2.090	2.228	2.368	1.994	3.25648880	1
	0.019000	8.6990	1.83421934	1.8342	1.1144	3.9153	4.2004	1.984	2.023	1.930	2.012	2.158	2.301	1.905	3.25883484	1
	0.019000	8.6990	1.86742318	1.8674	1.1501	3.9200	4.1911	1.895	1.943	1.835	1.935	2.088	2.234	1.817	3.26110363	1
	0.019000	8.6990	1.88421929	1.8842	1.1680	3.9222	4.1861	1.850	1.903	1.789	1.896	2.053	2.201	1.773	3.26221514	1
	0.019000	8.6990	1.91710961	1.9171	1.2029	3.9267	4.1763	1.763	1.826	1.699	1.822	1.985	2.135	1.689	3.26432490	1
	0.019000	8.6990	1.95000005	1.9500	1.2374	3.9307	4.1656	1.677	1.749	1.611	1.748	1.917	2.070	1.607	3.26635003	1
	0.019000	8.6990	2.00000000	2.0000	1.2893	3.9367	4.1487	1.547	1.636	1.484	1.637	1.815	1.971	1.485	3.26927757	1
	0.019000	8.6990	2.00380969	2.0038	1.2932	3.9372	4.1474	1.537	1.627	1.474	1.629	1.807	1.963	1.476	3.26949334	1
	0.019000	8.6990	2.04999995	2.0500	1.3402	3.9420	4.1297	1.419	1.524	1.359	1.528	1.713	1.871	1.367	3.27203131	1
	0.019000	8.6990	2.08022761	2.0802	1.3708	3.9451	4.1177	1.343	1.457	1.286	1.463	1.651	1.810	1.297	3.27361655	1
	0.019000	8.6990	2.09999990	2.1000	1.3909	3.9469	4.1088	1.293	1.412	1.237	1.419	1.610	1.769	1.251	3.27462268	1
	0.019000	8.6990	2.14665365	2.1467	1.4380	3.9509	4.0874	1.175	1.308	1.124	1.317	1.512	1.673	1.143	3.27690578	1
	0.019000	8.6990	2.15000010	2.1500	1.4414	3.9512	4.0858	1.167	1.300	1.116	1.309	1.505	1.666	1.135	3.27706480	1
	0.019000	8.6990	2.17769575	2.1777	1.4692	3.9533	4.0722	1.097	1.239	1.051	1.249	1.447	1.608	1.071	3.27835774	1
	0.019000	8.6990	2.20000005	2.2000	1.4915	3.9549	4.0606	1.041	1.189	0.997	1.199	1.400	1.561	1.020	3.27936959	1
	0.019000	8.6990	2.24485302	2.2449	1.5361	3.9578	4.0361	0.930	1.087	0.891	1.099	1.303	1.465	0.916	3.28132868	1
	0.019000	8.6990	2.25000000	2.2500	1.5412	3.9580	4.0331	0.917	1.076	0.878	1.088	1.292	1.454	0.904	3.28154731	1
	0.019000	8.6990	2.27611518	2.2761	1.5670	3.9594	4.0179	0.852	1.016	0.816	1.029	1.235	1.397	0.844	3.28263760	1
	0.019000	8.6990	2.29999995	2.3000	1.5906	3.9604	4.0026	0.793	0.961	0.758	0.974	1.181	1.343	0.788	3.28360772	1
	0.019000	8.6990	2.32232714	2.3223	1.6126	3.9614	3.9891	0.739	0.910	0.706	0.924	1.132	1.294	0.737	3.28449225	1
	0.019000	8.6990	2.36527944	2.3653	1.6550	3.9626	3.9592	0.632	0.809	0.602	0.823	1.033	1.194	0.634	3.28613544	1
	0.019000	8.6990	2.40000010	2.4000	1.6892	3.9630	3.9330	0.547	0.725	0.517	0.740	0.950	1.111	0.551	3.28741050	1
	0.019000	8.6990	2.44646931	2.4465	1.7346	3.9623	3.8932	0.434	0.609	0.400	0.624	0.834	0.993	0.435	3.28904676	1
	0.019000	8.6990	2.48799276	2.4880	1.7751	3.9605	3.8528	0.332	0.500	0.293	0.515	0.724	0.881	0.327	3.29044461	1
	0.019000	8.6990	2.52941990	2.5294	1.8158	3.9568	3.8045	0.231	0.385	0.181	0.398	0.604	0.758	0.214	3.29178238	1
	0.019000	8.6990	2.56573248	2.5657	1.8511	3.9523	3.7574	0.142	0.279	0.081	0.291	0.494	0.644	0.112	3.29290938	1
	0.019000	8.6990	2.59999990	2.6000	1.8840	3.9465	3.7069	0.060	0.175	-0.015	0.186	0.383	0.530	0.013	3.29393530	1
	0.019000	8.6990	2.62027335	2.6203	1.9032	3.9422	3.6740	0.012	0.113	-0.072	0.121	0.315	0.459	-0.047	3.29452610	1
	0.019000	8.6990	2.64494920	2.6449	1.9263	3.9354	3.6277	-0.046	0.033	-0.140	0.039	0.226	0.366	-0.121	3.29522896	1
	0.019000	8.6990	2.66894197	2.6689	1.9484	3.9279	3.5797	-0.101	-0.044	-0.204	-0.041	0.138	0.272	-0.190	3.29589653	1
	0.019000	8.6990	2.69361401	2.6936	1.9710	3.9191	3.5257	-0.158	-0.124	-0.266	-0.124	0.044	0.172	-0.259	3.29656672	1
	0.019000	8.6990	2.71376586	2.7138	1.9906	3.9105	3.4751	-0.206	-0.192	-0.315	-0.196	-0.040	0.083	-0.316	3.29710245	1
	0.019000	8.6990	2.73674297	2.7367	2.0192	3.9044	3.4258	-0.278	-0.276	-0.384	-0.283	-0.135	-0.018	-0.391	3.29770064	1
	0.019000	8.6990	2.73926425	2.7393	2.0253	3.9059	3.4258	-0.293	-0.289	-0.400	-0.295	-0.145	-0.026	-0.406	3.29776549	1
	0.019000	8.6990	2.74769926	2.7477	2.0533	3.9161	3.4399	-0.363	-0.337	-0.475	-0.338	-0.173	-0.049	-0.469	3.29798126	1
	0.019000	8.6990	2.75028133	2.7503	2.0731	3.9267	3.4630	-0.413	-0.361	-0.523	-0.357	-0.177	-0.047	-0.506	3.29804707	1
	0.019000	8.6990	2.75135708	2.7514	2.0900	3.9362	3.4842	-0.455	-0.375	-0.556	-0.368	-0.177	-0.042	-0.531	3.29807448	1
	0.019000	8.6990	2.75206089	2.7521	2.1112	3.9474	3.5079	-0.508	-0.390	-0.590	-0.378	-0.176	-0.036	-0.555	3.29809237	1
	0.019000	8.6990	2.75245023	2.7525	2.1334	3.9578	3.5274	-0.563	-0.406	-0.620	-0.390	-0.179	-0.034	-0.577	3.29810214	1
	0.019000	8.6990	2.75267267	2.7527	2.1557	3.9669	3.5415	-0.619	-0.424	-0.650	-0.405	-0.187	-0.038	-0.600	3.29810786	1
	0.019000	8.6990	2.75285149	2.7529	2.1702	3.9736	3.5539	-0.656	-0.431	-0.665	-0.411	-0.188	-0.036	-0.611	3.29811239	2
	0.019000	8.6990	2.75290728	2.7529	2.1565	3.9711	3.5578	-0.621	-0.408	-0.638	-0.388	-0.167	-0.016	-0.586	3.29811382	2
	0.019000	8.6990	2.75297785	2.7530	2.1301	3.9645	3.5575	-0.555	-0.370	-0.592	-0.353	-0.136	0.012	-0.545	3.29811549	2
	0.019000	8.6990	2.75304723	2.7530	2.1071	3.9556	3.5452	-0.498	-0.348	-0.559	-0.334	-0.125	0.020	-0.519	3.29811740	2
	0.019000	8.6990	2.75313568	2.7531	2.0952	3.9441	3.5110	-0.468	-0.362	-0.556	-0.351	-0.152	-0.013	-0.524	3.29811954	2
	0.019000	8.6990	2.75323629	2.7532	2.0993	3.9325	3.4607	-0.478	-0.410	-0.584	-0.403	-0.216	-0.084	-0.562	3.29812217	2
	0.019000	8.6990	2.75335455	2.7534	2.1095	3.9208	3.4035	-0.504	-0.467	-0.618	-0.465	-0.293	-0.167	-0.606	3.29812503	2
	0.019000	8.6990	2.75348687	2.7535	2.1174	3.9090	3.3483	-0.524	-0.514	-0.638	-0.518	-0.361	-0.243	-0.638	3.29812860	2
	0.019000	8.6990	2.75363111	2.7536	2.1215	3.8971	3.2967	-0.534	-0.547	-0.640	-0.557	-0.418	-0.309	-0.653	3.29813218	2
	0.019000	8.6990	2.75378537	2.7538	2.1225	3.8851	3.2478	-0.536	-0.568	-0.625	-0.585	-0.466	-0.365	-0.653	3.29813600	2
	0.019000	8.6990	2.75394773	2.7539	2.1211	3.8730	3.2010	-0.533	-0.579	-0.597	-0.604	-0.505	-0.413	-0.641	3.29814029	2
	0.019000	8.6990	2.75411510	2.7541	2.1178	3.8609	3.1557	-0.525	-0.583	-0.561	-0.615	-0.538	-0.455	-0.621	3.29814434	2
	0.019000	8.6990	2.75428510	2.7543	2.1130	3.8486	3.1116	-0.512	-0.579	-0.516	-0.616	-0.562	-0.488	-0.591	3.29814863	2
	0.019000	8.6990	2.75445485	2.7545	2.1067	3.8363	3.0684	-0.497	-0.569	-0.465	-0.611	-0.580	-0.518	-0.555	3.29815292	2
	0.019000	8.6990	2.75462246	2.7546	2.0993	3.8239	3.0262	-0.478	-0.554	-0.406	-0.601	-0.593	-0.541	-0.513	3.29815722	2
	0.019000	8.6990	2.75478911	2.7548	2.0905	3.8113	2.9849	-0.456	-0.534	-0.340	-0.585	-0.600	-0.560	-0.464	3.29816151	2
	0.019000	8.6990	2.75496435	2.7550	2.0796	3.7981	2.9428	-0.429	-0.506	-0.261	-0.562	-0.600	-0.575	-0.404	3.29816604	2
	0.019000	8.6990	2.75515676	2.7552	2.0653	3.7841	2.9014	-0.393	-0.469	-0.158	-0.532	-0.599	-0.586	-0.319	3.29817080	2
	0.019000	8.6990	2.75539637	2.7554	2.0441	3.7687	2.8610	-0.340	-0.407	-0.027	-0.475	-0.573	-0.579	-0.208	3.29817677	2
	0.019000	8.6990	2.75560689	2.7556	2.0210	3.7579	2.8409	-0.283	-0.339	0.084	-0.409	-0.526	-0.544	-0.110	3.29818225	2
	0.019000	8.6990	2.75583172	2.7558	1.9913	3.7478	2.8301	-0.208	-0.252	0.211	-0.324	-0.459	-0.489	0.005	3.29818797	2
	0.019000	8.6990	2.75604844	2.7560	1.9580	3.7388	2.8274	-0.125	-0.157	0.342	-0.230	-0.379	-0.422	0.129	3.29819345	2
	0.019000	8.6990	2.75624299	2.7562	1.9255	3.7313	2.8300	-0.044	-0.064	0.467	-0.138	-0.301	-0.352	0.247	3.29819822	2
	0.019000	8.6990	2.75649667	2.7565	1.8852	3.7222	2.8340	0.057	0.053	0.624	-0.023	-0.201	-0.265	0.397	3.29820466	2
	0.019000	8.6990	2.75681686	2.7568	1.8534	3.7113	2.8221	0.137	0.155	0.775	0.078	-0.119	-0.199	0.542	3.29821277	2
	0.019000	8.6990	2.75691390	2.7569	1.8487	3.7080	2.8138	0.148	0.174	0.809	0.096	-0.106	-0.191	0.574	3.29821515	3
	0.019000	8.6990	2.75718045	2.7572	1.8682	3.7000	2.7623	0.099	0.144	0.816	0.066	-0.151	-0.248	0.578	3.29822206	3
	0.019000	8.6990	2.75741529	2.7574	1.9016	3.6938	2.7040	0.016	0.077	0.781	0.000	-0.229	-0.335	0.541	3.29822779	3
	0.019000	8.6990	2.75764513	2.7576	1.9407	3.6887	2.6446	-0.082	-0.006	0.722	-0.083	-0.322	-0.437	0.481	3.29823375	3
	0.019000	8.6990	2.75786805	2.7579	1.9775	3.6846	2.5916	-0.174	-0.085	0.663	-0.162	-0.409	-0.531	0.422	3.29823923	3
	0.019000	8.6990	2.75814605	2.7581	2.0204	3.6804	2.5317	-0.281	-0.179	0.591	-0.255	-0.511	-0.640	0.348	3.29824638	3
	0.019000	8.6990	2.75842404	2.7584	2.0613	3.6766	2.4755	-0.383	-0.268	0.523	-0.343	-0.608	-0.744	0.281	3.29825330	3
	0.019000	8.6990	2.75870180	2.7587	2.1022	3.6729	2.4203	-0.486	-0.358	0.457	-0.433	-0.706	-0.847	0.213	3.29826045	3
	0.019000	8.6990	2.75892377	2.7589	2.1353	3.6701	2.3758	-0.568	-0.431	0.402	-0.505	-0.785	-0.931	0.157	3.29826593	3
	0.019000	8.6990	2.75898051	2.7590	2.1439	3.6694	2.3643	-0.590	-0.450	0.388	-0.524	-0.806	-0.953	0.143	3.29826736	3
	0.019000	8.6990	2.75926399	2.7593	2.1873	3.6658	2.3065	-0.698	-0.545	0.318	-0.618	-0.909	-1.063	0.072	3.29827452	3
	0.019000	8.6990	2.75956655	2.7596	2.2339	3.6621	2.2456	-0.815	-0.647	0.240	-0.720	-1.019	-1.180	-0.007	3.29828215	3
	0.019000	8.6990	2.75986886	2.7599	2.2806	3.6586	2.1847	-0.931	-0.750	0.162	-0.821	-1.130	-1.298	-0.086	3.29828978	3
	0.019000	8.6990	2.76017118	2.7602	2.3280	3.6551	2.1235	-1.050	-0.854	0.084	-0.924	-1.243	-1.416	-0.164	3.29829741	3
	0.019000	8.6990	2.76041269	2.7604	2.3667	3.6523	2.0736	-1.147	-0.938	0.020	-1.007	-1.334	-1.513	-0.228	3.29830360	3
	0.019000	8.6990	2.76065397	2.7607	2.4060	3.6494	2.0225	-1.245	-1.024	-0.044	-1.091	-1.426	-1.611	-0.290	3.29830956	3
	0.019000	8.6990	2.76088929	2.7609	2.4452	3.6464	1.9714	-1.343	-1.108	-0.103	-1.174	-1.518	-1.708	-0.348	3.29831553	3
	0.019000	8.6990	2.76112103	2.7611	2.4848	3.6434	1.9197	-1.442	-1.192	-0.163	-1.257	-1.610	-1.807	-0.404	3.29832125	3
	0.019000	8.6990	2.76134920	2.7613	2.5242	3.6403	1.8679	-1.541	-1.276	-0.221	-1.340	-1.702	-1.905	-0.460	3.29832697	3
	0.019000	8.6990	2.76157522	2.7616	2.5638	3.6372	1.8160	-1.640	-1.359	-0.277	-1.420	-1.793	-2.003	-0.513	3.29833269	3
	0.019000	8.6990	2.76178551	2.7618	2.6014	3.6342	1.7666	-1.734	-1.437	-0.330	-1.495	-1.879	-2.095	-0.564	3.29833794	3
	0.019000	8.6990	2.76201773	2.7620	2.6424	3.6309	1.7124	-1.836	-1.522	-0.386	-1.578	-1.973	-2.196	-0.617	3.29834390	3
	0.019000	8.6990	2.76225352	2.7623	2.6791	3.6279	1.6638	-1.928	-1.597	-0.435	-1.648	-2.056	-2.286	-0.662	3.29834986	3
	0.019000	8.6990	2.76235032	2.7624	2.6916	3.6269	1.6473	-1.959	-1.622	-0.451	-1.672	-2.084	-2.317	-0.677	3.29835224	4
	0.019000	8.6990	2.76261783	2.7626	2.6669	3.6290	1.6804	-1.897	-1.573	-0.420	-1.626	-2.029	-2.256	-0.649	3.29835892	4
	0.019000	8.6990	2.76294708	2.7629	2.6369	3.6315	1.7206	-1.822	-1.512	-0.381	-1.568	-1.961	-2.183	-0.612	3.29836726	4
	0.019000	8.6990	2.76332617	2.7633	2.6036	3.6343	1.7651	-1.739	-1.443	-0.336	-1.501	-1.885	-2.101	-0.570	3.29837680	4
	0.019000	8.6990	2.76377296	2.7638	2.5657	3.6375	1.8156	-1.644	-1.365	-0.285	-1.426	-1.798	-2.008	-0.523	3.29838800	4
	0.019000	8.6990	2.76429415	2.7643	2.5214	3.6411	1.8746	-1.534	-1.273	-0.224	-1.337	-1.697	-1.898	-0.465	3.29840112	4
	0.019000	8.6990	2.76479292	2.7648	2.4748	3.6449	1.9366	-1.417	-1.175	-0.157	-1.240	-1.589	-1.782	-0.401	3.29841352	4
	0.019000	8.6990	2.76519966	2.7652	2.4338	3.6483	1.9910	-1.314	-1.088	-0.098	-1.155	-1.493	-1.680	-0.346	3.29842377	4
	0.019000	8.6990	2.76558852	2.7656	2.3931	3.6516	2.0449	-1.213	-1.001	-0.037	-1.070	-1.399	-1.579	-0.286	3.29843354	4
	0.019000	8.6990	2.76597524	2.7660	2.3526	3.6549	2.0987	-1.112	-0.914	0.026	-0.984	-1.304	-1.478	-0.223	3.29844332	4
	0.019000	8.6990	2.76637506	2.7664	2.3121	3.6581	2.1523	-1.010	-0.827	0.090	-0.898	-1.208	-1.377	-0.160	3.29845333	4
	0.019000	8.6990	2.76679516	2.7668	2.2720	3.6613	2.2053	-0.910	-0.740	0.154	-0.812	-1.114	-1.276	-0.096	3.29846382	4
	0.019000	8.6990	2.76724696	2.7672	2.2324	3.6646	2.2579	-0.811	-0.653	0.219	-0.726	-1.020	-1.176	-0.030	3.29847503	4
	0.019000	8.6990	2.76774645	2.7677	2.1931	3.6677	2.3100	-0.713	-0.567	0.284	-0.641	-0.927	-1.077	0.035	3.29848766	4
	0.019000	8.6990	2.76830506	2.7683	2.1551	3.6709	2.3606	-0.618	-0.483	0.346	-0.558	-0.836	-0.981	0.098	3.29850149	4
	0.019000	8.6990	2.76896214	2.7690	2.1169	3.6740	2.4116	-0.522	-0.399	0.410	-0.474	-0.744	-0.884	0.164	3.29851794	4
	0.019000	8.6990	2.76989388	2.7699	2.0744	3.6777	2.4689	-0.416	-0.305	0.480	-0.380	-0.642	-0.776	0.236	3.29854131	4
	0.019000	8.6990	2.77113938	2.7711	2.0323	3.6816	2.5268	-0.311	-0.212	0.551	-0.288	-0.542	-0.669	0.307	3.29857230	4
	0.019000	8.6990	2.77304816	2.7730	1.9907	3.6860	2.5861	-0.207	-0.122	0.619	-0.199	-0.443	-0.563	0.377	3.29861975	4
	0.019000	8.6990	2.77575922	2.7758	1.9578	3.6903	2.6369	-0.125	-0.053	0.666	-0.131	-0.366	-0.478	0.423	3.29868722	4
	0.019000	8.6990	2.77876115	2.7788	1.9437	3.6933	2.6632	-0.089	-0.026	0.679	-0.103	-0.333	-0.441	0.438	3.29876161	5
	0.019000	8.6990	2.79999995	2.8000	1.9725	3.6928	2.6357	-0.161	-0.097	0.611	-0.174	-0.405	-0.513	0.368	3.29928207	5
	0.019000	8.6990	2.80755329	2.8076	1.9831	3.6926	2.6255	-0.188	-0.123	0.586	-0.200	-0.431	-0.540	0.342	3.29946494	5
	0.019000	8.6990	2.83854270	2.8385	2.0262	3.6923	2.5861	-0.296	-0.230	0.479	-0.307	-0.539	-0.648	0.234	3.30020118	5
	0.019000	8.6990	2.86563563	2.8656	2.0665	3.6916	2.5473	-0.396	-0.329	0.383	-0.405	-0.639	-0.749	0.136	3.30082774	5
	0.019000	8.6990	2.89849305	2.8985	2.1161	3.6898	2.4955	-0.520	-0.448	0.273	-0.524	-0.761	-0.874	0.023	3.30156755	5
	0.019000	8.6990	2.90526986	2.9053	2.1264	3.6894	2.4843	-0.546	-0.472	0.252	-0.549	-0.786	-0.901	0.001	3.30171728	6
	0.019000	8.6990	2.92680955	2.9268	2.1614	3.6861	2.4392	-0.634	-0.550	0.193	-0.626	-0.871	-0.991	-0.059	3.30218768	6
	0.019000	8.6990	2.94500780	2.9450	2.2119	3.6791	2.3637	-0.760	-0.655	0.129	-0.731	-0.990	-1.121	-0.127	3.30257821	6
	0.019000	8.6990	2.94775844	2.9478	2.2439	3.6747	2.3144	-0.840	-0.719	0.092	-0.795	-1.064	-1.203	-0.164	3.30263662	6
	0.019000	8.6990	2.94877052	2.9488	2.2802	3.6704	2.2612	-0.931	-0.796	0.042	-0.870	-1.150	-1.295	-0.216	3.30265808	6
	0.019000	8.6990	2.94918227	2.9492	2.3206	3.6663	2.2043	-1.031	-0.881	-0.016	-0.954	-1.244	-1.397	-0.274	3.30266690	6
	0.019000	8.6990	2.94936490	2.9494	2.3606	3.6624	2.1488	-1.131	-0.966	-0.075	-1.038	-1.338	-1.498	-0.334	3.30267072	6
	0.019000	8.6990	2.94942474	2.9494	2.3819	3.6604	2.1196	-1.185	-1.011	-0.108	-1.083	-1.388	-1.552	-0.366	3.30267191	7
	0.019000	8.6990	2.94945598	2.9495	2.3986	3.6589	2.0968	-1.226	-1.047	-0.133	-1.118	-1.427	-1.594	-0.391	3.30267262	7
	0.019000	8.6990	2.94952106	2.9495	2.4355	3.6557	2.0470	-1.319	-1.126	-0.188	-1.196	-1.513	-1.686	-0.445	3.30267406	7
	0.019000	8.6990	2.94963694	2.9496	2.4791	3.6520	1.9884	-1.428	-1.219	-0.253	-1.287	-1.615	-1.795	-0.510	3.30267644	7
	0.019000	8.6990	2.94991565	2.9499	2.4582	3.6539	2.0171	-1.376	-1.174	-0.224	-1.244	-1.567	-1.743	-0.481	3.30268240	7
	0.019000	8.6990	2.95045066	2.9505	2.4325	3.6561	2.0517	-1.311	-1.120	-0.185	-1.190	-1.507	-1.678	-0.442	3.30269361	7
	0.019000	8.6990	2.95243621	2.9524	2.4562	3.6539	2.0194	-1.370	-1.169	-0.218	-1.239	-1.561	-1.737	-0.475	3.30273557	7
	0.019000	8.6990	2.95336318	2.9534	2.5011	3.6500	1.9592	-1.483	-1.265	-0.285	-1.334	-1.666	-1.850	-0.540	3.30275536	7
	0.019000	8.6990	2.95425797	2.9543	2.5459	3.6461	1.8990	-1.595	-1.359	-0.346	-1.425	-1.770	-1.961	-0.598	3.30277419	7
	0.019000	8.6990	2.95505095	2.9551	2.5895	3.6424	1.8408	-1.704	-1.450	-0.407	-1.515	-1.870	-2.069	-0.655	3.30279088	7
	0.019000	8.6990	2.95576692	2.9558	2.6328	3.6388	1.7832	-1.812	-1.541	-0.468	-1.604	-1.970	-2.177	-0.713	3.30280590	7
	0.019000	8.6990	2.95641327	2.9564	2.6761	3.6350	1.7248	-1.920	-1.629	-0.524	-1.689	-2.069	-2.283	-0.765	3.30281973	7
	0.019000	8.6990	2.95697594	2.9570	2.7184	3.6314	1.6682	-2.026	-1.716	-0.580	-1.773	-2.165	-2.387	-0.817	3.30283141	7
	0.019000	8.6990	2.95748019	2.9575	2.7608	3.6279	1.6117	-2.132	-1.802	-0.635	-1.854	-2.261	-2.491	-0.868	3.30284214	7
	0.019000	8.6990	2.95792818	2.9579	2.8032	3.6243	1.5549	-2.238	-1.887	-0.688	-1.934	-2.356	-2.595	-0.916	3.30285144	7
	0.019000	8.6990	2.95833087	2.9583	2.8455	3.6206	1.4978	-2.344	-1.971	-0.739	-2.014	-2.451	-2.698	-0.961	3.30286002	7
	0.019000	8.6990	2.95869446	2.9587	2.8877	3.6171	1.4416	-2.449	-2.053	-0.795	-2.087	-2.544	-2.801	-1.013	3.30286765	7
	0.019000	8.6990	2.95902562	2.9590	2.9298	3.6134	1.3851	-2.555	-2.134	-0.848	-2.158	-2.636	-2.903	-1.062	3.30287457	7
	0.019000	8.6990	2.95932984	2.9593	2.9719	3.6097	1.3280	-2.660	-2.213	-0.898	-2.227	-2.727	-3.004	-1.108	3.30288100	7
	0.019000	8.6990	2.95960975	2.9596	3.0140	3.6061	1.2715	-2.765	-2.290	-0.950	-2.288	-2.818	-3.106	-1.158	3.30288696	7
	0.019000	8.6990	2.95986772	2.9599	3.0562	3.6024	1.2146	-2.870	-2.367	-1.000	-2.350	-2.908	-3.208	-1.206	3.30289221	7
	0.019000	8.6990	2.96010733	2.9601	3.0988	3.5985	1.1566	-2.977	-2.441	-1.048	-2.406	-2.998	-3.311	-1.252	3.30289721	7
	0.019000	8.6990	2.96032977	2.9603	3.1416	3.5947	1.0984	-3.084	-2.512	-1.094	-2.451	-3.086	-3.415	-1.297	3.30290198	7
	0.019000	8.6990	2.96053720	2.9605	3.1844	3.5908	1.0400	-3.191	-2.584	-1.139	-2.499	-3.175	-3.518	-1.342	3.30290627	7
	0.019000	8.6990	2.96073174	2.9607	3.2274	3.5868	0.9813	-3.299	-2.650	-1.179	-2.531	-3.260	-3.623	-1.385	3.30291033	7
	0.019000	8.6990	2.96091676	2.9609	3.2709	3.5826	0.9211	-3.407	-2.716	-1.207	-2.565	-3.347	-3.728	-1.419	3.30291438	7
	0.019000	8.6990	2.96109462	2.9611	3.3151	3.5783	0.8597	-3.518	-2.781	-1.230	-2.595	-3.432	-3.835	-1.448	3.30291796	7
	0.019000	8.6990	2.96118164	2.9612	3.3459	3.5749	0.8153	-3.595	-2.818	-1.234	-2.597	-3.486	-3.908	-1.459	3.30291986	7
	0.019000	8.6990	2.96243310	2.9624	3.8089	3.5233	0.1460	-4.752	-3.059	-0.758	-1.940	-3.976	-4.868	-1.242	3.30294609	8
